1601201901099236231600120010010001532352357618418
1601201901099236231600120010010001532367826453112
1601201901099236231600120010010001532347582341618
1501201901099236231600120010010001531408523617414
1401201901099236231600120010010001530608321467519
1001201901099236231600120010010001530006357248114
1001201901099236231600120010010001529694583716218
1001201901099236231600120010010001529708461253714
1001201901099236231600120010010001529676235471815
0301201901099236231600120010010001525678543617217
2712201801099236231600120010010001525116357218412
2712201801099236231600120010010001525106134572812
2712201801099236231600120010010001525093541627813
2712201801099236231600120010010001525012578164317
2612201801099236231600120010010001524074782653111
2612201801099236231600120010010001524301286537418
2612201801099236231600120010010001524376172384514
2612201801099236231600120010010001524295347612817
2612201801099236231600120010010001524361273845612
2612201801099236231600120010010001524353278146515
2612201801099236231600120010010001524382817453613
2612201801099236231600120010010001524085713642819
1912201801099236231600120010010001521782431875618
1912201801099236231600120010010001521737524138618
1812201801099236231600120010010001520735346812716
1712201801099236231600120010010001520044726183511
1712201801099236231600120010010001520052135768414
1712201801099236231600120010010001519988635172410
1312201801099236231600120010010001518933142786516
1212201801099236231600120010010001517901346287511
1212201801099236231600120010010001517912864531711
1112201801099236231600120010010001517536835421714
1112201801099236231600120010010001517433865742112
1012201801099236231600120010010001517081765823419
3011201804099236231600120010010000047801738524617
011201804099236231600120010010000047795837612412
3011201804099236231600120010010000047825468732111
1311201804099236231600120010010000047576258431719
2911201801099236231600120010010001511763564871210
1511201804099236231600120010010000047655863421713
1311201804099236231600120010010000047581387526411
2711201801099236231600120010010001510461823547614
2611201801099236231600120010010001509854256713811
2611201801099236231600120010010001509878651234714
2611201801099236231600120010010001509868567321411
2111201804099236231600120010010000047673528417616
2211201801099236231600120010010001508734153628711
2211201801099236231600120010010001508745816374212
2011201801099236231600120010010001507402785431614
2011201801099236231600120010010001507423261547817
2011201801099236231600120010010001507415261734819
2011201801099236231600120010010001507395763184218
1911201801099236231600120010010001506961246578310
1911201801099236231600120010010001506752381654711
1911201801099236231600120010010001506971654832719
1911201801099236231600120010010001506986831425719
2210201804099236231600120010010000047173751468211
1411201801099236231600120010010001505211673425813
1411201801099236231600120010010001505301657328416
1311201801099236231600120010010001504533681275412
0811201801099236231600120010010001502541358746214
0611201801099236231600120010010001501916571432811
0611201801099236231600120010010001501892158473617
0611201801099236231600120010010001501664625173816
0611201801099236231600120010010001501902185634717
0611201801099236231600120010010001501652481657319
2510201804099236231600120010010000047406387541214
0410201804099236231600120010010000046802374815614
2910201804099236231600120010010000047424271358613
1910201804099236231600120010010000047121837526415
1910201804099236231600120010010000047135642831710
2410201801099236231600120010010001498004382516713
2510201801099236231600120010010001498473724651817
2210201801099236231600120010010001496896487153219
1810201801099236231600120010010001495771236457815
1810201801099236231600120010010001495761284756314
1810201801099236231600120010010001495622867134516
1810201801099236231600120010010001495697342568116
1810201801099236231600120010010001495486251843717
1710201801099236231600120010010001494983251674813
1710201801099236231600120010010001494976347128511
1710201801099236231600120010010001494996835127411
1510201801099236231600120010010001493752613754816
1510201801099236231600120010010001493732485136712
1510201801099236231600120010010001493748362741518
1110201801099236231600120010010001492851254863716
1110201801099236231600120010010001492704685213716
1110201801099236231600120010010001492986815723415
0910201801099236231600120010010001491608352741618
0310201801099236231600120010010001489554218736511
2709201801099236231600120010010001486988132476511
2609201801099236231600120010010001486348413762511
1909201801099236231600120010010001483614375281619
1909201801099236231600120010010001483876348172519
1909201801099236231600120010010001483883678421511
1909201801099236231600120010010001483607524386112
1909201801099236231600120010010001483522564738113
1809201801099236231600120010010001483026284571319
1309201801099236231600120010010001481602485167312
1309201801099236231600120010010001481618261753414
1109201801099236231600120010010001480711867423514
1009201801099236231600120010010001479864365712815
0709201801099236231600120010010001479622564183710
0709201801099236231600120010010001479607138652410
0609201801099236231600120010010001478997245863119
0609201801099236231600120010010001478783175864211
2808201801099236231600120010010001474668412367511
2808201801099236231600120010010001474656427358111
2708201801099236231600120010010001474214315286714
1408201801099236231600120010010001470632764381513
1408201801099236231600120010010001470581524867318
1408201801099236231600120010010001470493745168213
1408201801099236231600120010010001470486318254714
0708201801099236231600120010010001468731842375613
0708201801099236231600120010010001468546724158312
0708201801099236231600120010010001468725417823610
0608201801099236231600120010010001468234836721511
0208201801099236231600120010010001467061834265718
0208201801099236231600120010010001467055813426711
3007201801099236231600120010010001465478271635412
3007201801099236231600120010010001465766357128411
3007201801099236231600120010010001465555261834713
3007201801099236231600120010010001465717652831417
2307201804099236231600120010010000045257623845111
2507201801099236231600120010010001464384562138719
2407201801099236231600120010010001464005763281417
1707201801099236231600120010010001461767382154611
1607201801099236231600120010010001461007631852412
1607201801099236231600120010010001460765146873213
1107201801099236231600120010010001459392187563416
1107201801099236231600120010010001459432138456711
0907201801099236231600120010010001458387863412510
0307201801099236231600120010010001456314752381614
0307201801099236231600120010010001456302385716411
0307201801099236231600120010010001456275684731215
2606201801099236231600120010010001453467318564217
2606201801099236231600120010010001453454286513718
2006201801099236231600120010010001451326153784211
1906201801099236231600120010010001450824651237815
1906201801099236231600120010010001450687823564115
1306201801099236231600120010010001448863872164511
1306201801099236231600120010010001449017635842118
1306201801099236231600120010010001448835128643716
1306201801099236231600120010010001448872683174511
1005201804099236231600120010010000044264312857615
1106201801099236231600120010010001448125841236717
1206201801099236231600120010010001448191352846712
1106201801099236231600120010010001448137263548113
0506201801099236231600120010010001445934857231617
0506201801099236231600120010010001446011763248519
0506201801099236231600120010010001445901326548718
0406201801099236231600120010010001445453561874218
0504201804099236231600120010010000043823281564711
2805201801099236231600120010010001443075382174618
2305201801099236231600120010010001442107256341811
2105201801099236231600120010010001441407165248313
2105201801099236231600120010010001441141523684716
2105201801099236231600120010010001441157123864514
1605201801099236231600120010010001439475486123712
1605201801099236231600120010010001439482417658317
1505201801099236231600120010010001439011462538716
1505201801099236231600120010010001438957135684218
1505201801099236231600120010010001438891385726411
0805201801099236231600120010010001436757516243815
0805201801099236231600120010010001436705432167811
0705201801099236231600120010010001436218752341612
0705201801099236231600120010010001436226571342814
2604201801099236231600120010010001433925318264719
2504201801099236231600120010010001433476518472312
2504201801099236231600120010010001433483148652711
2304201801099236231600120010010001432151246375811
2304201801099236231600120010010001432164638217516
2304201801099236231600120010010001432172837645112
2304201801099236231600120010010001432184752638115
1804201801099236231600120010010001431303574162815
1804201801099236231600120010010001431368521374610
1804201801099236231600120010010001431146751843218
1604201801099236231600120010010001430307632845114
1604201801099236231600120010010001430272473681514
1204201801099236231600120010010001429732354678111
1204201801099236231600120010010001429723517846212
1004201801099236231600120010010001428996584712313
0904201801099236231600120010010001428372851643710
0904201801099236231600120010010001428508712534612
0904201801099236231600120010010001428483247651817
2103201801099236231600120010010001422883285471610
2103201801099236231600120010010001422867658143214
2103201801099236231600120010010001422875246318713
2103201801099236231600120010010001422758521763416
1303201801099236231600120010010001420731462378514
1303201801099236231600120010010001420718361427518
1303201801099236231600120010010001420721638572414
0703201801099236231600120010010001419341384625719
2802201801099236231600120010010001417434758123611
2702201801099236231600120010010001416677345261813
2102201801099236231600120010010001414635862743111
2102201801099236231600120010010001414708516734217
0602201801099236231600120010010001410783254681713
0502201801099236231600120010010001410294561372811
0502201801099236231600120010010001410305641327819
0502201801099236231600120010010001410288564123715
0602201801099236231600120010010001410676821437518
0602201801099236231600120010010001410597263458115
3001201801099236231600120010010001408306827143512
2901201801099236231600120010010001407721853627413
2901201801099236231600120010010001407557281536417
2901201801099236231600120010010001407783658274110
2501201801099236231600120010010001406962758413614
2501201801099236231600120010010001406813125867416
2401201801099236231600120010010001406473674825113
2401201801099236231600120010010001406442738654110
1901201801099236231600120010010001404741756824316
2301201801099236231600120010010001405894612357811
2301201801099236231600120010010001405902647315812
1701201801099236231600120010010001403594251386718
1701201801099236231600120010010001403601487532614
1601201801099236231600120010010001402972783641518
1601201801099236231600120010010001403013546871211
1101201801099236231600120010010001401442351684717
0901201801099236231600120010010001400304258736117
0901201801099236231600120010010001400424765328115
