1501201901179075357300120010010002113193465057617
1501201901179075357300120010010002113209458429316
1401201901179075357300120010010002112959039265517
1401201901179075357300120010010002112968318170711
0901201901179075357300120010010002112209889742810
0901201901179075357300120010010002112215403756610
0901201901179075357300120010010002112110918397919
0801201901179075357300120010010002111915824021516
0801201901179075357300120010010002111907401140117
0701201901179075357300120010010002111833155547311
0301201901179075357300120010010002111455271344210
1812201801179075357300120010010002109094464039417
1812201801179075357300120010010002109075811997011
1812201801179075357300120010010002109067321922010
1812201801179075357300120010010002109086925966312
1712201804179075357300120010010000188921348060211
1712201801179075357300120010010002108806009679310
1712201801179075357300120010010002108849379757915
1212201801179075357300120010010002107834378345611
0612201801179075357300120010010002107087495520214
0512201801179075357300120010010002106839457059019
0512201801179075357300120010010002106844607956311
0412201801179075357300120010010002106489309965617
3011201801179075357300120010040000487939617726113
3011201801179075357300120010040000487946069650916
3011201801179075357300120010010002105806144884917
2811201801179075357300120010010002104908551640719
2811201801179075357300120010010002104891920396010
2811201801179075357300120010010002104791609580210
2811201801179075357300120010010002104701854891710
2811201801179075357300120010010002104692764018318
2811201801179075357300120010010002104714269888415
2611201801179075357300120010010002104195595524915
2611201801179075357300120010010002104060878577011
2611201801179075357300120010010002104021104659311
2211201804179075357300120010010000188224741549516
2111201801179075357300120010010002103171473407117
2111201801179075357300120010010002103182432724312
2111201801179075357300120010010002103169960822710
2111201801179075357300120010010002103151396237611
1511201804179075357300120010010000188112522869316
1511201801179075357300120010010002101931275620011
1511201801179075357300120010010002101917364849915
1511201801179075357300120010010002101907466398211
1511201801179075357300120010010002101891213276515
1511201801179075357300120010010002101948032179218
1211201801179075357300120010010002100685139259410
1211201801179075357300120010010002100555520694513
0611201801179075357300120010040000476609821468217
0611201801179075357300120010040000476784954361217
0611201801179075357300120010040000476770968840011
1610201804179075357300120010010000187543998631119
3110201801179075357300120010040000475370801199711
3110201801179075357300120010010002099588353989612
3010201801179075357300120010010002099149202414512
3010201801179075357300120010010002099159439674816
3010201801179075357300120010010002099019655133416
3010201801179075357300120010010002098978995205210
3010201801179075357300120010010002099026891653011
2910201801179075357300120010010002098845740118516
2410201801179075357300120010010002097903832610712
2410201801179075357300120010010002097916671745110
2210201801179075357300120010010002097183464351319
2210201801179075357300120010010002097173338675618
1710201801179075357300120010010002096364579059913
1710201801179075357300120010010002096344427922011
1710201801179075357300120010010002096359102120617
1610201801179075357300120010010002096183219435915
1110201804179075357300120010010000187339496653713
1010201801179075357300120010010002094801955529715
1010201801179075357300120010010002094767768626916
1010201801179075357300120010010002094792072132417
0910201801179075357300120010010002094668151513919
3009201801179075357300120010040000463848457861816
2909201801179075357300120010010002092864542736713
2909201801179075357300120010010002092879447059612
2509201801179075357300120010010002091619728292118
2509201801179075357300120010010002091608241531115
2409201801179075357300120010010002091464766521912
1909201801179075357300120010010002090399241391111
1909201801179075357300120010010002090386230614211
2009201801179075357300120010010002090783525398512
1909201801179075357300120010010002090406840666011
1007201801179075357300120010010002074107769395211
1209201801179075357300120010010002089019810191016
1109201801179075357300120010010002088483576922613
1109201801179075357300120010010002088478523157611
0509201801179075357300120010040000454155819469814
0509201801179075357300120010010002087005452732915
0509201801179075357300120010010002086993597957412
0409201801179075357300120010010002086710347650811
2808201801179075357300120010010002085024352317513
2808201801179075357300120010010002085034098426817
2808201801179075357300120010010002085049701643914
2708201801179075357300120010010002084665136002211
2708201801179075357300120010010002084657073577917
1708201804179075357300120010010000186047734189311
2208201801179075357300120010010002083360942153619
2208201801179075357300120010010002083355244343313
2208201801179075357300120010010002083345949409911
2208201801179075357300120010010002083287991988816
2008201801179075357300120010010002082821786258711
2008201801179075357300120010010002082815101911319
1508201801179075357300120010010002081772041086814
1508201801179075357300120010010002081783137090814
1508201801179075357300120010010002081766010640414
1308201801179075357300120010010002081123878238410
0808201801179075357300120010010002080374779456811
0808201801179075357300120010010002080385058809715
0608201801179075357300120010010002079865149356710
0608201801179075357300120010010002079828584511415
3107201801179075357300120010010002078703341415818
3107201801179075357300120010010002078654739970918
3007201801179075357300120010010002078465738201919
2507201801179075357300120010040000441015480276913
2507201801179075357300120010010002077084288836414
2507201801179075357300120010010002077093525829613
2507201801179075357300120010040000441021049872118
2307201801179075357300120010010002076561357375912
1907201801179075357300120010040000438344284198918
1907201801179075357300120010040000438354666244011
1807201801179075357300120010010002075993786239612
1807201801179075357300120010010002075887504166613
1807201801179075357300120010010002075847810197717
1207201801179075357300120010010002074679967491014
1107201801179075357300120010010002074348572955312
1007201801179075357300120010010002074116946571618
0507201801179075357300120010010002073072989556718
0507201801179075357300120010010002072980868284117
0507201801179075357300120010010002072976766340619
0407201801179075357300120010010002072481451178011
0407201801179075357300120010010002072494576379412
0307201801179075357300120010010002072256022281711
2806201801179075357300120010040000433065287254418
2806201801179075357300120010010002071200941456611
2606201801179075357300120010010002070414203530314
2506201801179075357300120010010002069885264494011
2006201801179075357300120010010002068960199917711
2006201801179075357300120010010002068973237913411
2006201801179075357300120010010002068937593507519
2006201801179075357300120010010002068956872713311
2006201801179075357300120010010002068989438847915
2006201801179075357300120010010002068944052085812
1906201801179075357300120010010002068433743118817
1406201801179075357300120010010002067684961180210
1406201801179075357300120010010002067677133599112
2704201801179075357300120010010002057229170111514
1206201801179075357300120010010002066702310813611
0506201801179075357300120010010002065279482008316
0506201801179075357300120010010002065285254930914
3105201801179075357300120010010002064403721038317
3105201801179075357300120010010002064416200508818
3105201801179075357300120010010002064393822586611
2905201801179075357300120010010002063222063794212
2905201801179075357300120010010002063236726621611
2905201801179075357300120010010002063138252068319
2205201801179075357300120010010002061689968136614
2205201801179075357300120010010002061731798879613
2205201801179075357300120010010002061724124312913
2205201801179075357300120010010002061672818354419
2205201801179075357300120010010002061661913102018
1705201801179075357300120010010002060825295063713
1605201801179075357300120010010002060549926827611
1605201801179075357300120010010002060562919037113
1605201801179075357300120010010002060550438603214
1605201801179075357300120010010002060523341549811
1605201801179075357300120010010002060534379613612
1505201801179075357300120010010002060002546875512
1005201801179075357300120010010002059179166206811
0905201801179075357300120010010002058723516388913
0905201801179075357300120010010002058747746774711
0905201801179075357300120010010002058738998165816
0805201801179075357300120010010002058480986767215
0305201801179075357300120010010002057750972025314
2704201801179075357300120010010002057230322118811
2704201801179075357300120010010002057247457280919
2404201801179075357300120010010002055894305476618
2404201801179075357300120010010002055880843704311
2304201801179075357300120010010002055569154047814
1804201801179075357300120010040000414338266713411
1704201801179075357300120010010002054196883175113
1704201801179075357300120010010002054180919922618
1704201801179075357300120010010002054202877329818
1604201801179075357300120010040000413438488280319
1104201801179075357300120010010002053373406317419
1004201801179075357300120010010002053053802729011
1004201801179075357300120010010002053076390512217
1004201801179075357300120010010002053062446661910
1004201801179075357300120010010002053088468035214
0504201801179075357300120010010002052429366078013
0304201801179075357300120010010002051726895709616
0204201801179075357300120010010002051534202053411
0204201801179075357300120010010002051683024806412
0204201801179075357300120010010002051568429646011
0204201801179075357300120010010002051574474785713
0204201801179075357300120010010002051520523464917
2803201801179075357300120010010002050990648870111
2603201801179075357300120010010002049816630741911
2603201801179075357300120010010002049790665552314
2603201801179075357300120010010002049809548682412
2603201801179075357300120010010002049630848231218
2003201801179075357300120010040000405745940355711
2003201801179075357300120010040000405734137167416
2003201801179075357300120010040000405653631999815
2003201801179075357300120010040000405671437994010
2003201801179075357300120010040000405646097800912
2003201801179075357300120010040000405639664443712
2003201801179075357300120010040000405664613879911
1503201801179075357300120010040000403627139730712
1303201801179075357300120010040000401991098720410
1303201801179075357300120010040000402000835937318
1303201801179075357300120010010002048228515413617
1303201801179075357300120010010002048212107218111
1203201801179075357300120010040000401494518285415
0703201801179075357300120010010002047638483029911
0703201801179075357300120010010002047447954289218
0703201801179075357300120010010002047458966108016
0503201801179075357300120010040000399530957391711
2802201801179075357300120010010002046006766336115
2802201801179075357300120010010002045994053251113
2802201801179075357300120010010002045987713513217
2702201801179075357300120010040000397560726933413
2702201801179075357300120010010002045454677103713
2702201801179075357300120010010002045284917917214
2702201801179075357300120010010002045477104253214
2702201801179075357300120010010002045275643849617
2702201801179075357300120010010002045448392766719
2102201801179075357300120010010002044198775435816
2002201801179075357300120010010002043874472278911
2002201801179075357300120010010002043866120316118
2002201801179075357300120010010002043845733975117
2002201801179075357300120010010002043852629939911
1902201801179075357300120010010002043640357620619
1502201801179075357300120010010002043024135125317
0802201801179075357300120010010002042427139062011
0802201801179075357300120010010002042399884382814
0802201801179075357300120010010002042389936029519
0802201801179075357300120010010002042241866319411
0502201801179075357300120010010002041666890012418
0502201801179075357300120010010002041674988547711
3101201801179075357300120010010002040383149707817
3101201801179075357300120010010002040379971343013
3101201801179075357300120010010002040395104636313
3101201801179075357300120010010002040406404880811
3101201801179075357300120010010002040415307300818
3001201801179075357300120010010002039764738089019
2901201801179075357300120010010002039344822383011
2901201801179075357300120010010002039498607086117
2501201801179075357300120010010002038788526890317
2301201801179075357300120010010002037969799274912
2301201801179075357300120010010002037897963334416
2201201801179075357300120010010002037571542716215
1701201801179075357300120010010002036879686401911
1601201801179075357300120010010002036509976668913
1601201801179075357300120010010002036513729767612
1601201801179075357300120010010002036462394711419
1501201801179075357300120010010002036123960383315
1501201801179075357300120010010002035936891797118
1101201801179075357300120010010002035319831331211
1101201801179075357300120010010002035309607741512
